uuid,mCount,subCount,Total
e3f5393f-15b7-361f-9d02-826616b1fc66,17705,33,17738
f353a304-32fb-38f9-872f-5270968bd969,13101,37,13138
668cf430-1186-3956-844d-d6211f89a2b0,12959,25,12984
3078cf57-f274-3661-a226-7cba3c274f92,10589,19,10608
9aa9d39d-9428-359a-b5bc-fff40e0cc70a,10458,17,10475
28ee69fe-52bc-33f6-afd1-de7bec06bff3,10266,38,10304
efb19d2a-c2cd-32ec-abcb-e6c441792e5d,9934,13,9947
23c11493-3975-3393-94e2-0c702c57fc47,9243,19,9262
6252e973-ae8f-3c6f-9e8d-6b6cfc80cb05,7941,20,7961
4984d068-d0ab-34e7-9cfb-71a422578c51,7945,11,7956
15cdc668-2d50-3fcc-9697-0415aa0eccd2,7881,30,7911
b5f0ceed-cc0f-3996-8cd6-e6c66bd9b8d4,37,7759,7796
97cddff5-034c-3438-a7cc-4ec828395d76,7719,11,7730
73e4b7cb-91d6-36a0-876c-6e330c2e71df,7596,12,7608
250f9e37-d334-317b-8f8c-229b4563e5be,7173,13,7186
8889ef5b-f79f-3881-b464-bca3ed128390,6555,27,6582
cab09c73-64a0-326b-8d17-432f11837980,6412,9,6421
6395204c-e187-326b-8d6d-b4747046947c,5264,962,6226
691def7f-c13f-3ff8-a6f6-6c3a85265cfd,6074,23,6097
34ee3bd0-bd0e-3e12-8ec9-c0a9895fedc6,6012,20,6032
7152b405-f92c-3148-9da5-86cbd2e75db3,5444,12,5456
eeef3385-3848-3cf3-9846-21e5a1f0267d,10,5388,5398
a5361865-7414-34d7-b2eb-983679a2b290,5365,16,5381
8ee39616-ccf0-3594-bf77-b9e63bcd5ca0,5336,6,5342
302a1aef-e4fc-3dac-8ada-36e45455e750,5308,27,5335
ddf4c7b7-ee59-3573-876c-7ed8875298e3,5209,12,5221
b2c15c2f-d6c2-327e-b089-d7d10c78e8a6,5103,5,5108
7a571b54-130d-3e1d-ab22-a62a78a13289,4950,11,4961
f96f4b0b-bc90-3a69-8de0-c3e26ba73bbc,4884,18,4902
bafbcf83-5ee7-3991-8d6c-8631cebd9864,4828,8,4836
17c3af88-4c2c-3f1e-af9e-365a27050c08,4822,12,4834
62347003-9d96-34ad-8a08-e79188a6089b,2122,2682,4804
d9bf56a9-d717-3c4a-9994-3a2e52a1c3d5,4386,15,4401
3f97f3cc-dfef-392b-85f4-8df5d0992d1a,4047,288,4335
f5a5a9d6-588c-3948-b982-0af701efa7ec,4263,8,4271
c1a3e518-da7f-3d50-a2d1-ea05207786a0,4193,19,4212
2bb4681c-0cc0-38e0-bb00-0f096f110a2d,4189,7,4196
3cb1144f-ced1-32d4-b846-232a87915fc1,3999,166,4165
54134a44-f6d9-348d-a72a-e124b5e4460c,4100,5,4105
38c72d94-3fb5-3191-8f41-2b046ead8563,4088,2,4090
f43ae2a5-6f2b-3fc6-98a8-db330244f979,3922,5,3927
e3375659-ec6b-32e4-ba33-a56262fb7d06,3904,2,3906
b45e6616-e584-3258-84da-45cdc8031900,3888,11,3899
721e9d92-bc12-3290-be30-827117d7cf76,3880,15,3895
678c2c37-20a5-37a7-a0b5-f8081f3ceb6f,3887,3,3890
46ac324f-d714-3711-93cc-862b83fef9cc,3816,13,3829
ce6999db-f44e-332f-a388-c4c0cdc477cb,3813,8,3821
0e0967c7-a5ec-35b2-835c-ac873c789ffa,3719,49,3768
1458f2c5-ac18-3d9b-b68a-6000d98c0508,3758,4,3762
3b368056-64b0-3dba-b8d2-a5448a0457a2,3727,15,3742
a84df228-f982-3a94-a841-13ae67125b17,3708,6,3714
f54dba5e-2437-31bd-ba80-05cdb3bf9b33,3663,32,3695
16f24751-59c9-31a5-8332-6f2e1a704262,3611,58,3669
dee57c13-9944-362d-a27e-fcc8406517ac,3585,7,3592
b87ca32b-2151-3d07-9ef6-7cbe04af504a,3569,7,3576
045a796e-49f6-31ca-ad8b-a769d7aae5f2,3565,7,3572
971a5f8c-2fe9-30ae-8598-12055f565f1d,3471,17,3488
be5c510f-52a3-3d17-a4e6-e6fc4ecb30cb,3482,4,3486
8fb367ed-e967-3a0e-8250-7482f5cf9486,2905,578,3483
cf108538-ad31-32bb-84d5-a67d692f849a,1910,1464,3374
31df160a-f260-34a8-876f-a310f668ba55,3247,35,3282
6495429d-24a5-3ecb-ba0e-0353e8ba99e1,3040,238,3278
d0993604-16d2-3700-aa6e-840c8480c7ee,3262,3,3265
78160254-d8fe-3baf-8ffb-47f92f568a6b,2409,792,3201
41cf4cc2-8e69-3711-ae11-d899ac8659d5,3070,4,3074
4f1a70b9-0648-36af-9eed-40652ddfb5a5,3045,19,3064
ffec8594-4ade-3112-8497-8cc0b51d855a,2978,77,3055
92d5466b-de84-3917-b15a-2f9d7fe3dab3,2984,55,3039
5b1a5baf-f244-3ce0-8002-819ef183e72b,2657,381,3038
4a2abd71-3eb8-3837-b2aa-0a2ba51ac039,2992,6,2998
a4f04921-d594-336a-b9af-cfec6fdf1cef,2965,2,2967
0e4964af-7937-321b-bcdb-425accc48352,2949,14,2963
aae0e59d-63a1-3ac5-ab10-c61bc676019d,2909,13,2922
9d37b3a8-cdf5-342a-a8c1-143b337eccf9,2733,151,2884
2b538e84-f4df-3166-8268-7d017cc00e07,2830,37,2867
4b857c83-20d3-3914-8a27-ead487930770,1737,1112,2849
26f3e175-a713-3177-82af-915587df1fe3,2795,9,2804
055c4397-2644-329f-bbfc-4878e006b940,2790,11,2801
2ce2c002-93a9-34e6-aa3b-1101e37164ee,2737,8,2745
e1744f16-58de-3eba-b574-772c8d9ad832,2652,55,2707
95bc0429-bbce-3914-ba07-8a131851107b,2686,7,2693
b74a5dd0-8a02-37d5-bf85-11f96c76f270,2665,12,2677
d2d9d36d-a239-3bf1-8a39-d9c77c6db4f4,2646,1,2647
3b1e2562-69d4-316e-adfb-f8510798b5b8,2622,12,2634
a5871a86-0d43-3090-864d-dd90743817cf,2580,4,2584
83faff12-828d-3e3a-972a-5c19fbe791d6,24,2507,2531
9df240fc-7051-3bf1-9af9-a3df5c3ca875,2473,24,2497
776cc382-f27d-3f3e-bc23-39c327f1912c,2433,10,2443
e96969ae-bcbf-3fc2-a518-42bacc19a3b9,2430,3,2433
91d0dc0b-5227-39b0-b685-6748bae5f7bf,1236,1197,2433
02a160c1-6e0e-38f3-807a-e2399040ca65,2420,2,2422
3c283806-d69f-3001-867d-d4d9ebce7469,2412,10,2422
a03593c2-d818-3426-b4fe-e5b566aa3c48,48,2358,2406
0310c073-be97-3ee8-bb2b-28aec47ec872,2280,123,2403
7a23a0db-2244-3682-b160-4e4c86fcf21b,2386,3,2389
9d856ac8-4611-3c3d-af82-2f07001ab982,2373,5,2378
c27f05cf-772d-3e30-a4b5-cc3e49157182,2352,8,2360
2beb4326-8ae7-3330-a7d7-8244d86f7e37,2349,1,2350
9b60d670-4f93-3130-8bbb-1c4f0cc6acd5,2314,35,2349
f07d099f-e70b-343f-96b8-a73add0611bb,2335,7,2342
bf5f45c5-ea8b-3142-8728-e84b0240afe1,1159,1172,2331
c7571464-3b69-3b01-ad76-d5537d15c272,2239,70,2309
0b65b3f1-9e89-3208-9527-7cfddb677215,2268,1,2269
aa846f95-0244-304e-8b7e-bc6ed2073510,2236,6,2242
2aef5f19-7cd9-31db-83fa-a2c95530618b,2230,9,2239
1c9523d8-b97d-3dae-959d-a2a8617c0aee,2191,17,2208
e19b2400-5ed1-3155-b26b-5af739461964,2116,11,2127
e1450e00-4d17-3875-abb9-5fe7494593d7,2112,10,2122
3f53d84d-24ad-3991-8c27-2cf097b40f5c,2106,1,2107
b383b77a-20ae-38aa-9c9a-d5d63faf197f,2104,3,2107
9af7405d-a9ff-3fc5-ba51-4b79759faefb,2081,5,2086
9d53fb7a-eab9-32a3-a4de-5a01d350a4a8,2065,1,2066
c1d7c2af-40f8-384a-bfbd-15dfa3bd166d,2057,8,2065
6e7dd5a1-be43-3e68-a083-c7c671c1fa3f,2035,5,2040
7121c522-31ae-3c2d-b4d2-c9ff48d66a48,2035,2,2037
c2d463c6-71ef-3d9a-aae0-0570ecc7bfa4,2020,11,2031
c7bcf4ee-12f7-3a0a-8ec8-40da8225f278,2016,8,2024
566d7de3-9087-337f-9df2-e6ef9c9e3f41,2019,2,2021
56bade53-7734-3cf6-9734-d44db5a900e4,2003,2,2005
17cf35a2-d205-3f4d-a77a-f99b2960a90b,1989,5,1994
530f9a54-2285-3493-8756-691bdd1b778c,1985,5,1990
6a1af2b1-059c-3cb8-b9c7-0f7f3a54e87e,1980,1,1981
0a3d1d78-0ca8-3eb3-9fc3-a81b88a53f33,1949,3,1952
7b26b47f-5ef0-3cc8-b06e-6ddde6a01a58,1588,363,1951
35bc6878-e871-3727-9771-04a16c0730fe,1945,3,1948
2f6bccd7-a457-354a-b02a-a613babe5f31,160,1781,1941
bed4c135-df99-337b-8d94-b36339537330,1909,11,1920
499edd54-b167-3da6-adb2-cf4886dc4946,1909,4,1913
dbcb34f6-606b-3fe4-83a1-31906803639f,1899,5,1904
f24bcfcd-dd45-38b4-aaca-f88f58c600ee,1886,13,1899
90ef86cc-2c83-3956-87d4-2394ae051108,1878,3,1881
8b0b8f7c-0ce1-3c76-bfd9-b892bec87c48,1834,36,1870
89cfde1c-3268-33d3-9fba-21b2bb5dd72e,1867,2,1869
d9d76bf2-be70-3486-bd7d-10cbe3313b7e,539,1320,1859
aa37ce4f-a40b-315c-b397-e092f99d1524,1851,7,1858
5fff0cae-cf06-3e23-b9cd-90dc94ecba81,1468,388,1856
cca68f78-d5dc-3d07-b929-894f2b093196,1846,6,1852
67cae7bb-28c8-3959-8cf8-0777c6297bf8,1814,3,1817
14b36af1-fe49-36d1-b359-c49aabd794fc,1807,4,1811
b4562f44-0c81-3b91-b04a-17aedfcfaf44,1779,3,1782
04c3c162-11b4-3838-b55d-d3986500ff47,1414,342,1756
0d44c8e4-ca5f-3202-8ecc-bb892fe75d3f,1749,4,1753
9bd8863a-b3ed-36d3-896d-1288b2a19751,1745,7,1752
934242f8-beb4-3297-8575-11e9ad3c9044,1748,2,1750
f659c8db-7f46-31e8-b6bc-01d40c484f4e,1596,152,1748
ef1706fb-9411-36ff-bbcd-faffd481a77a,1737,2,1739
317da8cf-60df-3914-86d3-8c947cc2dafc,1724,8,1732
b390da94-0f62-38b2-9e6d-1b08662f4cb8,456,1276,1732
042ce000-08c4-3592-87b8-7385155be91e,1715,8,1723
5d99371e-e60a-33d5-8f0f-94b014ca6f39,1714,8,1722
7ee4f1a4-3cfd-314e-a171-e727fc0557bb,1710,4,1714
13f19842-e9bf-39f6-953c-56f3a099b166,1614,83,1697
e62c1156-640a-372f-9d22-773f88ec4e30,1209,475,1684
bf7d6513-fbfc-3729-86d6-f6280a8039a2,588,1089,1677
f20749ff-5493-33a5-b7d5-a27e19f05ff1,1658,8,1666
5b60ed3b-0528-31ad-b30b-01f3240e1fa7,1594,67,1661
7b3b0869-4a7c-3e41-ad56-511b0a035f26,1654,5,1659
44e030ed-6101-312c-8f78-df6f49fcae0e,36,1623,1659
e15bb8e9-4477-3f6b-934a-93ca2e02b624,1596,53,1649
f93572bf-c44a-3ba5-a8af-595838781875,1637,2,1639
d1a3c130-ef09-311d-be1b-627e151e49c3,1613,2,1615
70161522-9085-3023-9e2e-287b3e3adbeb,1055,558,1613
d2bfdce1-4db2-3e68-828d-733c35c2bf0c,1604,7,1611
7ce56a3d-bcfb-377d-b339-6dd9d7bc0a90,1597,10,1607
54a8d52d-935d-360e-a0e3-70a10cb98a03,1588,14,1602
814de635-54af-3b1e-8961-40fce4881961,1599,2,1601
8464d2b0-53c8-3a58-9c62-5a98bdcf26db,1588,6,1594
91d426ea-7e88-379f-b87a-bbe58a718956,1589,1,1590
1b307c5b-ec5b-31e6-a167-70e6a09bda36,1372,217,1589
9e673826-99aa-3e56-ac94-6096df347943,1547,7,1554
1c7730d5-28eb-3d80-8833-c9b9d33e9fc4,1027,523,1550
8f37a341-19fb-330f-a22d-26df7a33d92e,1543,5,1548
f91764c5-2141-3e14-b7b0-6574c0b8e455,1545,2,1547
8e515c41-5749-33f9-b6eb-6d2e2806479d,1034,500,1534
7e3f1406-a9c7-30a0-9616-ff162aedc05f,1523,3,1526
16eb2377-0f62-39bb-8b48-8f7f96202714,63,1444,1507
6d848160-52f3-3b29-b1ae-7c85b38642fc,1477,23,1500
de335184-df59-3408-ba6b-a71409ac7179,35,1460,1495
2a8a2277-99a3-3501-a08e-8857d6679531,1435,56,1491
0f1d7515-2eba-396f-bb51-b94368165192,1479,3,1482
075c6b3f-8221-3ef5-a1a4-c2e31e632163,1458,11,1469
eeffde13-7d78-3486-b881-49887c4a2faf,1448,13,1461
22ea2118-a40c-32fd-99f7-0d606b880d2a,1448,2,1450
f50a330d-1ac4-3876-8fa5-e90333bfd2bb,1441,6,1447
0663a978-de6e-32d2-9c3f-4c220415dede,1433,13,1446
53b9355b-40d3-3701-b8c2-d04a966a24eb,1435,5,1440
57d2bf83-be20-3549-8a77-337b6820cb7a,248,1190,1438
8e4cd212-0786-32b2-86e9-0967bc63646f,1407,29,1436
ffcf8ee1-cd4e-3ad9-af15-7f70fb0eac8f,1424,1,1425
2f5a1dcd-7c29-361d-a001-3ca4d5909c0d,1418,5,1423
af1e5283-0afb-3f54-9079-c46cfd74a6fd,1377,35,1412
9c73dcfd-dcc8-3bad-b9d0-839ec8fc0136,1405,1,1406
9ba16e38-931a-32cb-b286-a3494679133c,1393,4,1397
4ecd5452-6c3e-363d-8ab5-c30661620e19,1372,23,1395
f44a43d5-0877-35c2-841b-90ee8f24ae1e,1390,2,1392
ccbca49b-0bb6-34e2-8e65-eea42a13ef56,1378,6,1384
6f209068-a008-3aa8-95ac-cf16961a70ff,1189,190,1379
8ae0b876-55fd-3819-8f7e-29db904c647a,1375,3,1378
ad134fbb-9ccb-38ec-879f-a605a1f8f676,1370,6,1376
629a5b08-9f59-3502-87eb-6747ef4e8d30,1374,1,1375
54203121-350a-3322-8117-b43caa554f66,1366,3,1369
4b6777df-1bff-3ec2-a918-a7cd8e0c6356,1354,5,1359
b7987100-a6cc-3d78-9a8d-b6189626353e,1350,9,1359
6d534d7a-0505-3d6b-9334-2ed2266c879d,848,495,1343
ea3a61c8-88c5-34bd-9507-4f2a9f39c618,1332,8,1340
23a43a19-5388-3ec9-8724-624045257669,1327,5,1332
c828ee24-f86a-39cf-9b54-893af74ca0c7,1293,11,1304
8e011208-4901-3f26-9b79-73431f600e8a,1281,11,1292
71308074-796e-349b-a10a-60f62098a72c,182,1109,1291
6589cf18-834f-373e-80b9-ba4e783fe25b,1279,1,1280
b6242868-05f0-3424-8202-61cfe7d433a0,325,944,1269
8aa8be6b-46d9-3d09-a50e-d8b8b8dc9031,1266,1,1267
edd3c53f-f2d7-3ce8-9b48-406f77af9d75,1259,4,1263
a34a14d7-d056-3e64-8a9c-53c642910334,410,853,1263
816c7079-4cc0-33f9-8b42-70b8fe53ab1c,1255,6,1261
7cb20350-7bf9-341e-b718-ef37f87a85f1,131,1123,1254
235eb550-5e80-3a4c-8330-fb34f9b23456,1246,3,1249
7dc68ac4-0846-3c42-9087-cb418dd5bd54,795,450,1245
5210e4f9-d1c9-39c6-8a16-7498ab1c0c78,1239,3,1242
d1f3b403-59ac-3539-a4af-bd19515cfb37,1233,4,1237
ec53573e-b344-36ae-9157-981bbc89922f,1233,2,1235
2384fa7a-d514-3d6a-a0ea-3a711f66d0d8,1103,126,1229
9bca1504-18ff-369d-85a2-1954ce60aab0,1217,9,1226
61fbb727-d6ad-3b72-ad86-942ceaa28755,1210,3,1213
30f585fb-94da-3c38-8db1-f535cab9bafc,30,1179,1209
72387a56-a365-3ef5-a339-6b1c09afb797,1193,1,1194
00702a5a-2b6f-3f34-a303-2ca1452d9851,386,804,1190
9279c2f2-e12d-30f6-91a3-86fb0669aefd,1180,8,1188
1a54f56b-12dc-3cae-b4d5-8105da114892,970,213,1183
bfb31e02-51e6-30b2-bbc8-540b6ca29110,1177,4,1181
d7eb88b5-858a-3ef3-9e5b-e4fb367133f7,1169,6,1175
d72fa61c-93dd-34bd-bb4d-51610ac9a92c,1173,1,1174
8ca57a25-e2df-3d9d-b94c-e7759aef6b13,1167,6,1173
e9f36f26-ee0c-376c-b676-934cd8ecf2d8,122,1049,1171
6a13854e-b5ac-39cb-9c13-0f04e8820050,69,1099,1168
e8645ce2-daad-3233-949a-62c5f0ef693c,1160,6,1166
bd4c18e5-f6aa-385b-bb84-6162f30a6a82,1151,5,1156
657a1b58-8749-38e5-81b1-9a432435d844,1151,4,1155
1ce7b04f-450e-30f4-b02d-719823374cbe,1153,1,1154
ece82f69-51a6-3679-a20c-695a97104436,1150,4,1154
6fe5a115-8c3b-35f7-877d-32c580abc202,1122,22,1144
1c0dd00b-01f1-337e-b06a-e88018e0ada1,926,213,1139
ec1e81a6-632a-3e87-9ad8-fb3e0331356f,1126,11,1137
6a8b1e96-e9f6-378f-9d17-d2bced04ffc2,12,1124,1136
107fa835-d940-35d1-9403-5d0bf9bfc992,1131,4,1135
64980356-fd48-3938-a3b8-f45b5ab37678,141,987,1128
85327eb6-682c-318b-9e01-3a64f5f629b0,870,256,1126
aeede9b9-47c9-3fcd-8be7-727762c25842,1096,26,1122
db52e28e-5aa6-35c9-88d7-9c6ceb32dd21,1102,6,1108
4be17a7c-7e6c-371f-a3c8-265e9b4edacc,1103,2,1105
2e2ae1ad-7c77-3bac-9586-bc0881e88e58,1101,4,1105
eba96f62-f5a8-3e1a-be9c-cc2340fea378,149,956,1105
a7b66f30-5dca-3136-9383-1ec1fbab3e6b,1071,26,1097
2dd6df2a-741a-32a2-9445-f9defc075986,1095,1,1096
09d478b9-3266-365e-9733-c89796bb0044,1094,2,1096
800a7658-aa98-303d-a7e8-b765fc63e0bb,1093,3,1096
ff066011-7363-3881-beb4-f715f70dbf05,1093,1,1094
1c4b5e50-fdd1-38cb-8dae-af1c604fea67,1088,2,1090
90e2ff38-bd01-32f6-83dd-18f74f03db83,15,1073,1088
737f0434-6f55-36c0-8ff7-37b615e750ac,1084,1,1085
1ccd03e9-cb5f-3fa6-a604-4ddc567e5660,934,126,1060
ccaa202e-3d27-3b75-b2f2-261cf5038a1f,789,268,1057
579e3386-462b-3bd6-ad42-4a68a4c08747,36,1014,1050
05554cde-ae67-34ab-8af0-16bc37c3bf28,1045,3,1048
217c971b-2e1f-36f4-ac30-01c75ff69226,1034,4,1038
b48e04f2-8e79-3c19-9c69-86c2b193686b,1032,2,1034
bfcf0d36-574e-332b-b8dc-57845def2833,1024,1,1025
2aca44c8-5cd1-324e-9d99-d19f2570b926,1023,1,1024
a6eb6eb1-1065-380d-b28a-df07fdbaf379,55,967,1022
52527735-ae22-3b07-b20d-73ebd93b30ed,1019,2,1021
712fd833-edc8-3c1b-b23e-0a1204ae04cc,62,949,1011
56860877-617e-3586-a011-bce6e1c44d82,1004,3,1007
12d3d7e7-460c-3c0c-b4bf-93e5ee13bb88,1003,2,1005
96ea7c9f-0bf1-3a79-9e9c-645566c04b1e,1003,2,1005
e7d90471-156b-3218-a869-207e5b1c9348,999,2,1001
01eaa4ee-4842-3fb6-a24e-ba768def5e49,997,3,1000
be940286-df6b-3769-be11-fa691e90274d,831,169,1000
abeef34a-3459-3f40-831e-85cb2c082bf9,998,1,999
6c5e39df-1222-39ad-98a3-6e6f8f37e5e9,991,3,994
f81105c1-3adf-3ad9-9aa6-7fdc8037f90d,990,1,991
d252925a-bf81-3ef6-9914-e69177ee26fd,984,6,990
f3f9291a-436e-356c-b2e9-f363554ff504,981,5,986
541bb407-b05a-34bc-95fa-3de283d8ad8f,959,27,986
5bb71cdc-94f5-31cd-9430-d8d6a739e181,982,2,984
2ff3831c-bc04-3c9b-ba17-d6f367bb9270,981,2,983
43ab155e-a3d1-3e01-b5d8-c0a0d62ab1a6,390,593,983
4dea3e94-fc8f-380a-854d-2db5bc48d79f,978,4,982
1428307e-65cd-3c89-853b-4ec3d990f299,56,925,981
f167190c-4578-309a-bdbf-75133faa23a3,977,1,978
0c5e90d5-caa2-3c3c-85d5-f6a7809d3271,975,2,977
ea6607de-9af3-3b17-a3e9-750dab9d9261,107,870,977
013f7fa7-aa26-3e20-84f1-fb8e5f7383ff,218,757,975
57030f1f-08bb-340c-bb51-9ca2e816ffff,968,6,974
98e27fee-10ee-3af9-a585-d741c3ebca05,969,1,970
b60ec5f6-4de4-3a3f-961e-1b496e071439,960,10,970
81195d8f-f98e-3360-9f25-ed2e030bb147,615,355,970
068d874a-23f2-38c1-97b4-ba8c7eb20cd7,962,3,965
7402767d-29ef-3a13-8eff-f6bc561a4b04,954,4,958
1904f713-f175-3f04-a1a5-5104375b2d33,953,2,955
d2d14526-c13a-3a60-96c1-62c1bb75c141,946,2,948
7676182a-4781-3599-8167-71c135acf5e7,942,6,948
e28fae3b-8228-3551-ab04-69865dba94c0,756,192,948
0d2203e1-4503-3181-8ad7-d45947278a1d,602,346,948
f8e35fbf-8152-3cd3-8750-8f152cd8d511,432,516,948
1d08724d-2f33-31a2-8c0c-3c5277f35e26,199,749,948
0260b5f6-8771-3c2c-a579-54f41271136f,939,6,945
9ab6c5eb-ab9b-3052-b683-34796b8000d8,928,14,942
6500c930-80c6-3c95-bd9d-fa2f3189b927,709,228,937
8ba5dd24-7427-37b5-b065-4fb9b4233951,932,1,933
aaa71ffd-ad60-3407-b2a0-777c59b9b99b,890,37,927
b0708229-f55a-3c29-9376-abcab8b8d11c,921,5,926
34749783-a4cb-3d66-83c5-f5c20795e8fb,862,64,926
3da30ad1-f256-3797-8320-71c429c0d7d0,922,2,924
f0a17a5c-fc3f-36e1-a9be-badf74e38c5f,80,844,924
68a65325-80b6-3a41-b2b0-69f65ba0854c,834,89,923
811ec325-89d2-388d-be33-e22462fc888b,919,3,922
349a7caf-a379-3d51-84ee-c0ba3dc7f822,917,4,921
7049e9c8-d99e-31df-8266-b23fb5743a49,163,756,919
2350006a-016a-3fd4-ba85-19798f5c439f,909,5,914
d6cdd538-dfd9-3531-88dc-acaa6c63a7b4,908,5,913
7da1ea05-3026-376b-aa74-209ae32343eb,908,2,910
8721d0c5-2ec4-3ce3-a7f9-62afb6e8cdb7,660,241,901
99e28f64-5dcf-3482-be7d-ab481767e701,896,3,899
13a161f5-3ad7-34e7-b902-e9c8c1feaef7,895,1,896
86986e18-f7de-34bc-b36f-83ec99f4f8f5,157,739,896
e2b99418-aecc-3413-9f7b-2d1fda1ea4aa,66,825,891
70e621b0-0f72-3fbb-8ecb-c8c40d27122c,869,21,890
f2572253-d2ee-33e4-82c7-dba2a8099eae,883,4,887
afa672ad-d198-364e-b879-051be2a70edf,717,167,884
cb3d535e-eaa4-37f0-bae3-41eadbb4d643,880,3,883
dcb77a6a-3f17-3cab-973e-c07ffc0823ac,866,17,883
70b8d5f0-6cf8-3466-a3da-c914d172a2da,104,778,882
58a3c079-c9c3-3a82-972e-2fee50f2ec47,880,1,881
3118075c-557c-3f4e-b520-f5eb749c5398,878,1,879
b1650101-b795-3d86-ab52-2bb4ef3ffadd,869,6,875
546e4308-01d8-3152-a6f1-8307dbba5256,866,9,875
d61d124e-2d8c-36c4-bdfa-e771fe96d449,869,2,871
effc6f6e-d11d-37d3-8bc7-4ea1e3503971,40,830,870
88dd9e63-277b-31f3-91da-4233fb6acc7a,575,294,869
bc78f0be-0611-358e-b678-6cbe047c64ac,65,804,869
5971b9ab-a8d9-3ba2-b909-d46e3855d1f0,69,799,868
3a3bb7d7-6d59-3745-a479-c4df03f8d7c6,865,2,867
442a36eb-0e9b-399e-b4e9-835f3971af74,825,41,866
352ec7bc-8592-3f17-b8b8-273a515ece4f,857,1,858
933269f4-14b7-3612-a767-8a82dacff63d,855,2,857
ba682a6f-3fb7-3bfc-a67a-2a98cd7b9542,304,552,856
5c89e239-7890-3ebe-bfcc-2d190a247bfd,849,4,853
e7b0b0b1-2ae5-3ab7-9359-89129a0e418f,810,41,851
3bd0bee1-9faf-3360-b5b9-b6d4f892eb57,13,837,850
601e8d7e-0c35-3af3-bf98-217f92574f95,2,848,850
2c14d305-f669-3b8f-bc87-0242191902ed,841,6,847
36c21bbe-e23a-306d-aa05-fcbe5ab4d2b1,843,3,846
cf06d3bd-2312-3f01-a727-80bbc56cc514,384,462,846
a25c6c59-46dc-310c-850d-02254d7cb3e9,37,805,842
727e8cfd-fd29-33d2-a4e1-5758a3fbbc77,839,2,841
5a58f878-13a3-3f0e-bce6-af1416a74f76,836,5,841
c0a0ecee-ab7d-3e26-a449-b8974849862f,722,119,841
a68a5526-ceaa-3277-83f5-7af831fcb574,688,151,839
dbeedf81-b90b-3805-825d-ea692f0cf8d2,85,754,839
e191b2c4-4e79-3fb7-b454-2270610ea352,174,664,838
8b8d94c3-a1a6-301c-9b21-c8e1ad3a075d,833,3,836
5c550181-d899-3b1b-96d9-c5b4c3556feb,830,5,835
2546180b-749f-33b5-89d8-1855bbafcdee,823,9,832
87461cee-4de5-318a-9f4e-af03bd0238b7,830,1,831
6b267458-1864-3af1-b4d0-e828e3b37ead,207,623,830
6d7798a1-fb78-331a-826c-6b93692e8237,826,2,828
51ab1ca5-8d19-33b3-b357-d84416132ee0,532,293,825
616844e4-6f4c-3f04-b948-e584e2cfd667,822,2,824
484f00ba-02f8-3670-9ad1-1edf4a800b31,757,67,824
2e9579f5-37c6-3b2f-859b-0865ab5d6867,517,303,820
cb961d32-a729-323d-b4b3-c97e2efe26e7,232,585,817
f07bd14e-5abf-3cfd-bf1f-48f00f81be18,798,13,811
ae3318d2-7a8e-3cf3-b543-6d5a2041c163,8,803,811
a26aadc4-9342-3dff-aef1-9759f060846c,806,1,807
2e63f3cf-d0f8-35e0-9db6-28159aca0a56,604,203,807
1d937668-a48d-3e93-b299-533e290a5f66,136,671,807
f899db03-4262-3c78-a3fb-6a0f8acfd9ac,195,610,805
c6eb2a6f-ce57-3f59-bc90-cd83201ba96a,392,412,804
3f9a60a7-57c8-33ca-aa33-40cf21ea3f51,85,719,804
a9cc9da0-e7a6-35be-af81-dd4db0f9e2de,799,3,802
a7c2d3a3-ca22-3831-97a1-8755266852e3,800,1,801
b12e468e-886c-35db-a10e-c80d4e3da6f6,331,470,801
4f2a6fd1-f375-383e-a014-85909b296666,368,431,799
602ccd99-5fe6-3bb5-9338-f940853d167e,472,326,798
ff59520a-02a1-3603-bcd4-43225a9b2edf,796,1,797
b76e1a65-7b1b-3b78-ac28-7674f0e3672d,793,4,797
aff00ea9-c9c3-3567-b077-301a210b3e97,88,709,797
690f019d-0621-3327-b536-a9aa4aedacc3,789,3,792
8bba6105-8e00-3c01-abb5-96554140ca8c,257,535,792
d64e8ee8-a5f0-3936-9ed8-c659962c5b49,788,3,791
e8e26b61-b3d3-37e5-aff1-fc8608abd371,788,1,789
6317a3fb-e74d-3691-a491-ae1d76b6ea76,772,17,789
52807272-3d49-35fb-aeae-744bf7b829d8,782,6,788
1b5ca252-0bbd-3029-90ab-b6a201bab44a,772,16,788
81716065-9875-34bf-be96-5ba18ae04022,785,2,787
06d961ce-3bab-31bf-80cc-2566b0b5e4a5,783,3,786
a33ab12c-c142-325e-885b-147f2beecdd6,596,188,784
abd55ab0-7d43-30bf-9bf1-8e6c35dc9476,780,3,783
f60a5860-1e7e-3011-af6b-4e88bc2e21f5,778,2,780
c572a1f6-af9e-3473-b759-a767742428e8,306,473,779
5c9810f7-cf15-33cf-a43e-243340729991,776,1,777
b88b75cc-7822-3d25-aa67-233a2e353e76,770,7,777
cdb3bb7f-c509-3ceb-b51a-c35e360df140,772,4,776
ba6730bf-8bca-3588-b627-f7b171b67a95,138,636,774
06f5d4d8-eadf-361a-ab60-69869490562e,67,707,774
81e52541-f851-3aec-be5b-d117a9f4fac8,772,1,773
57b90143-f3f7-32fb-a3bd-ae56b247942e,766,6,772
a6f959a7-033f-338e-b3fd-b20ae05e9072,119,653,772
ccfad5d0-760d-37f8-a528-0c916ea1cdf8,766,4,770
861b4758-5621-394a-a7e7-68ac1d0752b9,42,728,770
f61fef68-51f7-3e3d-90d2-a22a800f6ac1,693,76,769
d6a629fa-eb9c-3af1-91fc-bb8ac1b26c10,763,3,766
4cd77a90-c43c-3093-b718-f21ad3a8e42a,764,1,765
60b2ce93-c6a7-39f8-acc7-7ced7071cb7d,427,335,762
8967aee0-22d0-3a58-803c-d02e4a3f3ab2,759,2,761
be944759-37bf-31f7-bf9a-471d868f9598,742,18,760
028d2cd2-d822-3709-9c41-6c8ae41fec2c,34,725,759
b69ef8c8-4d1f-357c-ae00-71e76f38f9ba,745,10,755
21859572-fb5d-39d7-b5a0-2fae4535f95e,243,512,755
7c4b50e4-518d-3a68-ba91-d3be913bb807,631,122,753
39f33072-55fa-3ecb-83f7-4ce3c5652789,336,416,752
7fc2a1b4-01f3-3eb3-8352-8a0719135ab5,127,625,752
29ef243b-03ec-3b0c-93c6-a1ee116373b9,38,714,752
00cb38da-6598-3c97-9a8f-42ecb8bd60e8,582,168,750
d895ca91-d459-31d5-8597-765cdbe0d2f7,92,657,749
58b2056b-27ec-371a-8253-ed81293827bb,739,4,743
29d5d0a6-de16-36a7-b99e-303dca28e4ae,32,709,741
81aad0d2-bb5b-3595-b9f6-6664468962cb,27,713,740
0d088845-f976-3559-a572-c42b702d479e,334,402,736
63472746-1f71-33cc-85ac-a6774cb5b72e,260,472,732
52463681-9448-3144-affa-487f25754628,728,3,731
9da0b022-a299-3754-b562-7f7de6d8f0bb,255,476,731
72fee72b-6c98-3d2d-a9a8-35add2e813af,151,580,731
c97085f1-1ec3-3268-b4c4-f47dc0dee61d,729,1,730
a8be3d2e-64f7-310c-ae1f-4dd269b4abf5,69,661,730
df369208-592a-3b3d-822a-da54ee766de5,5,725,730
68b63015-9e48-3027-8528-81a442064392,88,641,729
50a9b87f-e3bc-3578-9e76-6bbc81d27311,83,643,726
81bb2342-0a1e-3a23-a81a-f9f66b6cf54a,721,3,724
29bdcc93-f780-3dae-9b84-85d9969cf6f3,720,3,723
bf41d991-af2c-3f62-8a77-86e109268720,6,714,720
aafb40bc-638a-3377-8719-96eaf7ed3106,710,9,719
f5ccde53-e68b-358d-8906-52c671684c41,80,639,719
1ef0eccd-cdad-3e92-b4fd-5acedbd6d326,386,331,717
9d909523-0804-3991-9e1d-da7f52423579,94,623,717
88e38042-7871-3957-91fe-e1874fc8cf41,359,355,714
3749a5c7-2989-3928-8801-68013f8edfa8,708,5,713
dd6e53bc-fcb0-38e6-83af-7dcb40131286,688,25,713
50bdf324-e4e9-3ddc-be31-51e074ab7560,170,542,712
b51728de-33f4-3d30-abb1-44a49b2fe41a,697,14,711
b0a466f6-44de-3ac5-9ca1-79c8c753234a,204,506,710
a3a1fa97-b1c9-34be-bb65-7823e3957fe7,165,545,710
782f1c58-46a9-3da1-bafc-2d6ea8c5f7ca,129,578,707
a48b3188-3109-3970-928d-8c456d646ba6,688,17,705
c27e4c09-77a7-30af-807e-4b4765b79488,678,27,705
25d42a50-c831-3523-888c-8bb5907fe0ed,183,521,704
a46aeedf-d307-3e58-82b2-3fb5c3235fab,700,1,701
43606e26-2152-320b-a4bd-59f6bc969b72,599,101,700
060316df-5d90-36c9-8e44-d19f68340206,568,132,700
be2dd9fb-a0e3-3c81-928e-c507061802df,368,332,700
b2cb1408-1e33-3b7c-aba8-09378448a546,169,531,700
0701b95c-d90a-36e7-aa92-27d0e99818a9,696,1,697
60a7dbe6-f6ca-3209-84bb-abb3af1de02f,695,2,697
cb64edd3-e730-3d85-b7e8-02ea34ee8301,689,7,696
db479110-9cd1-3359-b276-65eb36874ad2,538,158,696
2b4f7e24-99ad-3f37-a74b-1f470342dfb9,24,671,695
96b94485-0d7a-366d-ad2f-adc1fbd60024,690,4,694
8f9b4704-29b1-3a84-9af9-c291ab87ce7c,562,132,694
541fff2b-d12a-3586-909f-70eb25a3b94b,271,423,694
15f0dac6-f38c-3c5a-9bfc-b53211ed5b04,691,2,693
475a4658-0675-3853-ac6d-d2144f0de908,55,638,693
5729ad7a-1a29-3b2e-9f53-a445d07f206a,687,5,692
724346c7-b33c-3b65-9ffc-b8400bd042ea,116,575,691
976aaee4-2a58-3ac0-a6c3-8bd8b52bb689,675,14,689
8fa9a46b-6b68-3618-bd80-597985925238,498,190,688
26171a43-3dbe-3f97-ab93-260f354973bf,685,2,687
f0517a84-d43e-3615-bdc2-3be7c244ed90,523,164,687
ee52a862-debf-3599-b4ed-64a6e9735cc6,130,557,687
fc4e4632-ec0c-35c5-8519-b9cfe55e5a97,683,1,684
312843d6-25f6-3eca-bcbf-74b0ead40cf5,680,4,684
c318b15d-27a4-3b05-9615-9d5630c11f20,674,9,683
f43f3db4-42cd-31c0-b1cd-c75c1e7906cd,84,599,683
245f3531-bab1-37ee-9132-3c9ad1a05f6e,674,6,680
78ccb7e4-7237-318f-bf46-2262c29f3428,667,11,678
53084574-9653-37fc-bd26-0dd218387e0a,672,5,677
92a95617-39c3-3ce1-86c5-9051cab896ad,557,119,676
75fa6a3d-4912-3617-b71a-3c857285636d,590,84,674
c6e817c1-3143-3877-a675-8ee19af7abb1,80,592,672
f8a543f3-6904-3952-8eda-182e6a7c4b3d,632,39,671
ffe0663c-c889-38bc-9ce9-a0ebcbda20bd,669,1,670
45dcd812-dd41-3cbc-a015-b2d5919e2fb3,663,7,670
34b3abfe-6b1c-3df0-8e30-4e7bbe2006cc,322,347,669
05d62fbb-d4eb-39fb-88a5-5c23644fe5c4,251,418,669
06606fb5-3747-310a-b98f-f02c31095c79,133,536,669
776cfa77-e935-3807-853d-434a4c98b084,26,642,668
0eb446fb-5e50-30c0-b4b9-910b995ec198,417,249,666
63b76bdc-6aba-31eb-af9e-e2f8098afe52,224,442,666
4c6cb868-69cf-310f-9a35-6984a54e86ce,50,616,666
adf50f13-6a7d-396f-95b0-8a59b19fe5fd,663,1,664
58404917-95a9-3bc3-9501-2a3017a94044,645,19,664
cb7dd7db-516d-3181-890a-543e3c960e1e,547,116,663
fe5d5156-e5c5-3efd-aaf4-d9b2e0291b0e,659,3,662
02a880cd-80c4-3a04-891d-dad51e6d1f99,31,630,661
32048eeb-fdea-3cab-87c4-ce52e9b98144,657,3,660
00f2ba5e-9df0-332b-be1d-698367148c30,168,491,659
70c14b61-274d-31df-b566-82365b3d4b02,140,519,659
4c9a1ef1-19e9-3e65-a15a-23ad6cb79e54,190,467,657
77edd00b-7bb7-34a9-8eed-7ddb7f64e7a4,652,3,655
856f9de9-424d-355b-a459-bbdee3ea0898,260,394,654
c626ebba-a128-39d6-bc40-eeab893ca7d7,109,544,653
a61d2deb-a673-3fd3-897a-670f26fc299c,109,544,653
2973280d-9fd8-3403-86ba-cf6b3640d3e1,29,624,653
a90a3586-ca5e-31d5-8ac4-2e894062972a,646,2,648
ab1b72ce-02f3-355d-a6c8-f8507941b51a,384,264,648
cf3638b4-b420-39a6-9625-f7789d38d8a0,645,2,647
e11e81f7-09c6-3faf-ad43-66e18781b81f,604,41,645
814274a8-4815-3dc0-8ee1-1ddf04219176,292,353,645
dde5bcc6-2c75-380c-a7b1-d0a8dd0b2dec,635,9,644
d68a609c-4569-303d-8e49-12c6788a38fd,631,13,644
0e9f3cea-5637-3ff9-8eed-29c6c88fbc7f,268,375,643
50a9f30a-ff91-3b30-bc94-ab44ab1c95d3,104,538,642
ae9291c6-df7a-30b6-9cc2-c2576cd985fa,638,2,640
94462bbe-a1e5-3077-b4a9-55b816c4c174,69,571,640
593ab523-34f8-3abb-96e2-6efdb077f313,24,616,640
71fce98d-430d-3f3a-9d10-20aac0bde206,176,463,639
64f29f91-81d8-3cec-850a-d4024f17a6fc,637,1,638
ae63343a-95f8-3b93-b8c0-15cc702b1dc3,180,458,638
b83a48e9-606c-3a49-a601-278c096e24fe,635,2,637
5d738f8b-734f-3aad-8c5d-76b03947406a,123,512,635
59cca260-310b-371f-a9c1-12529f8aa57b,311,323,634
eca5d759-2773-36a2-acd3-63d256452cf1,293,339,632
3168b699-5557-310e-a777-f4f694d4545d,198,434,632
9f6e01bf-07cb-321d-9f77-499217a39365,628,3,631
2e4dca5d-a29c-3d6c-88f6-942e33c0f538,626,1,627
b6e76191-854f-3191-914c-1d16be6b65e7,626,1,627
8e9047e8-6ba6-30fe-b89d-7842ae5e805f,624,2,626
069a3420-e327-36cd-8a50-a700a73f1107,621,2,623
c2867feb-bbd1-37f8-8d2f-d80e5d171696,490,133,623
e8db01de-d93e-3374-9490-844e95e164c9,619,3,622
342c1d40-dc5a-3d16-9735-8a9999da08fb,592,29,621
450015e9-dd6d-3823-a5a9-c6e24df8a129,614,6,620
b58f646e-2ea5-3e82-b20d-d389b731b54e,137,482,619
a1ebd93a-5351-3978-92cb-05a622c9d8fb,109,509,618
f23ec074-86bb-3864-93e9-1b31dcb33bb0,23,592,615
2ab36613-b108-3ef1-944c-b252f69d163d,613,1,614
f4ccbca9-1a4f-3f57-9abd-ba26402592a2,326,288,614
ca48d774-2e49-3e36-8be0-df87358c0ab0,612,1,613
57dc2744-3e69-346b-a316-733989c7df11,109,504,613
380a29aa-7747-31bd-98c8-4e5702d14bbf,396,216,612
e7729d90-ecd6-3792-8912-1782a4c267bc,276,335,611
580cd624-19dc-3ed9-8cfe-6f9798d99e66,607,2,609
3ef67913-3f68-34f7-860c-ced1c4b4ea60,546,63,609
09f00542-9e64-385b-9b48-af97f0ca023f,465,144,609
d55e51d8-25de-39b2-b2a4-72fc9084ab19,487,121,608
dd3c4071-52ca-35fd-b42e-14b2e08c387a,7,601,608
ed6185ca-d43c-375d-bcc1-106866b17426,603,4,607
3214bef0-007b-3872-95e5-ddd14d7f8abe,601,6,607
53b7caf3-9803-340b-a644-2f5f71071ae5,603,2,605
9bd42a15-9ef6-358a-8685-4306ba1f2dc7,261,344,605
9b941a5b-640d-3d06-a3af-e87ca051a6cb,160,445,605
9c1f7a3e-b45f-368e-9572-76245d67f144,78,527,605
e48f9f76-3d85-3423-974b-243970b21190,601,2,603
d60599dc-8bba-3237-9c01-364397a706f9,595,6,601
1e845d66-8cb4-3ee1-9820-eb64dee7df67,599,1,600
81c5c970-1fb6-39e0-8d1e-5adcd605ee33,151,448,599
c913b3fa-d07d-3566-b5eb-e3611fbb90c1,594,1,595
c61cd4c1-c09f-34a8-bfe0-74d639f73f74,589,6,595
14b82bb8-385b-32a9-9b28-e1ce23b1a730,590,4,594
ebcc585a-7ef9-3ba1-9af2-9acbc2526540,223,370,593
62f9f4ff-c319-3c99-b695-f2f515118050,590,2,592
91a989ea-1e4c-3d3d-8cfa-2ad29376b1dd,74,518,592
b677acd4-af92-3e03-9bb6-1ce4a64b1c7c,566,24,590
44b86e41-b282-3221-85d1-030d05cbc087,588,1,589
12d8f42d-a4fb-3cf5-b9c8-a032ed291d04,505,83,588
f0f4fe63-486e-358e-b4db-7420b2cf61b6,150,438,588
66d6f4ab-90bd-3ca3-a3aa-d6dae092f55c,584,2,586
e3bfed12-c75e-3f4b-8233-12ca7b9d77bf,54,532,586
b94f5f70-44ab-3da1-b99d-ad506207b0ca,583,1,584
a0227152-5aee-33b1-80b3-8c78892adc8d,113,471,584
0bf92e6d-c495-3e61-a20d-eefa23396b98,43,541,584
5f896212-190e-388d-9120-dc2d7b260710,581,2,583
69c4fbfa-6f4c-3c37-837b-c3606ce6e483,59,524,583
acf2884a-2058-384b-961c-e239a63704f6,212,370,582
715486dd-d87d-3167-847d-1a3afa2ad73b,577,1,578
67ffc079-afd4-3130-a06f-ee09029c7794,531,47,578
a1399d42-0a0a-38e5-8b4c-75fb7631b156,576,1,577
0de171f2-0d3a-32a7-be04-97c7e226867f,576,1,577
7a617534-2aed-3101-8614-e249f1d014d9,570,6,576
6d8b0f62-a824-3bb8-bbe0-9e3b4eb3b56e,292,283,575
4515c70d-bd91-362c-9061-797784870698,572,2,574
90a3fea7-e3d4-3614-99c7-8741b0be27a4,200,374,574
a1c2013d-a5d0-3b6f-a61c-aec658f8a6ff,572,1,573
465f9ae0-6583-3314-847a-43c6ccfaa13f,567,5,572
431f8aa3-b3de-3726-8ebf-4e1b03120fed,568,2,570
ede2f0d0-e377-3549-a9f3-850fac3a5404,563,4,567
3b064687-e46a-3e5f-9959-31ba86f114c2,193,374,567
4dab2d56-b4b3-392c-9cf9-e4e2f78207ae,8,559,567
e248efc5-4143-3d32-855e-23df953b3702,36,530,566
1ca25e7b-76f6-3cb4-994c-42989a59c3f1,562,3,565
3f1a1ba4-dc74-325c-9b9f-80e2ee114975,280,285,565
18075dd3-e5dc-351c-a034-690f8b9f0099,560,3,563
c2b06fa2-0edb-3c4f-a9f7-fcce90742f10,83,476,559
acfc913a-554c-3112-ba24-6417cca85063,5,554,559
b6c6983e-06c0-3650-a51f-38a86c74175e,111,447,558
f260482b-d337-3546-bf49-7a5b38d19524,555,2,557
af939868-49d5-3f0f-8c5f-4374bd008823,129,428,557
8a7f9e04-aa55-32f7-a9f1-2b8b501a24a5,441,115,556
aad229bc-f234-3e20-a65f-787e34c3354f,512,43,555
8b92eeb6-6d6e-3c17-8620-c581ccfe6b13,552,2,554
9d9b694f-1c80-3096-b6d5-88856afaecd5,550,4,554
6f547fee-298c-35ed-a457-6fed86f586c4,28,524,552
9d90b76d-d36c-3538-8fc2-7029b3734b84,19,532,551
6b97a8b7-0c44-3343-836f-3c73102e4832,546,4,550
ab44392d-1862-3511-ba04-0d2d9f0a1fd5,228,322,550
dcee4a7e-2122-346f-a41c-be9b37d3a781,546,3,549
35b57b4b-1c1e-31a9-a215-0673dc5bb5c6,297,252,549
92ed7c69-77dd-30f9-8696-604b3e838f8f,112,437,549
0d415641-c189-3300-b17d-1312575c73f0,67,482,549
8c92873e-f42d-374c-9979-be8df997c245,543,5,548
5de25ec1-a543-3213-819c-aa6ef16c49ce,514,34,548
f03d542d-d35e-396b-87ee-249969c2477a,546,1,547
7ddbee9f-8d10-3625-8f4c-e99e61203e0d,41,505,546
b1f822f4-811d-3fdd-9cea-d57e66897abc,382,163,545
ebd64c5c-602e-399e-a8aa-95450549facf,543,1,544
8b31497b-42ba-3d99-9830-72407e2bb07e,160,383,543
b3411026-8fb0-3cbd-8b12-847df1bea707,541,1,542
427914d5-fe03-3c24-b510-47100d1c7558,20,521,541
15d291e3-d70e-379e-9812-d2d467f0ad3e,479,61,540
ae7a6fe5-6803-398a-a0df-d6b7a97d606a,537,2,539
f169b358-cc03-3c74-a393-4fda333e9fd3,533,4,537
f093bec4-0a8c-30ce-b5a7-4b17e5e32816,212,325,537
b584aae2-3a18-36e4-b32b-c49febc71cb9,535,1,536
de12afbe-2ce9-3101-b7f0-e6384bf50af9,335,200,535
c20a4015-adea-356b-8d6b-5cd7e0a4192b,115,420,535
f98be07f-bfda-3f5a-874e-656fc3cb5ab1,530,3,533
07dabf6c-4369-3c2d-b5c9-ff038f7069eb,262,271,533
be4781fb-8da2-3a5b-b570-d020936c1b12,90,443,533
4c8830dc-2fc1-3327-8cf8-b9062436bd3f,406,126,532
29ab6c5e-07f4-33fc-b253-fbda8101f174,46,486,532
ab6b7bb9-fb88-38a1-9ba6-f23c3bfbb419,43,489,532
8309fa5b-24b0-3abc-b045-05e37c5204ba,529,1,530
5dca0d84-26e7-300b-ac7b-bee5a65dc150,393,137,530
9190f629-f9ed-3233-b3ba-672983dcce5a,526,2,528
5caf284c-c0e9-3072-8981-546d306fddf5,522,3,525
1385babe-4d25-356d-bef5-cdacbac8cb18,460,65,525
f2e563c8-e75c-3471-8554-d5ebe5e079ef,212,313,525
3739c590-e234-3032-8de1-6e392a525a4a,516,8,524
36c58c50-de33-3a85-8896-5b48f2a82a93,207,317,524
fccd230f-5276-3d14-860e-b35623568033,520,1,521
c159e2e9-96a1-3e34-ad85-7361ce0b4871,101,420,521
1940067e-aca7-3baa-b2e2-9c0d59c7b31a,78,443,521
b8a5d975-107b-3abd-9fe9-08d7c6ffa498,36,485,521
c264fa89-32cf-3b20-88c0-cfd70cd6c0c4,519,1,520
63847107-afa1-3921-9536-f1275a825d1e,518,1,519
6fe1e856-f7b3-3e23-9955-e6cce0713f14,516,3,519
d9a79cd2-6b70-3340-9c3e-617a1b0d89d3,151,368,519
27c3e0c4-68bb-3bc7-b00d-b0e1efd9714c,82,437,519
e8963ba9-f733-3f39-a31b-877b62dcc371,515,3,518
7fcfc93d-6cc9-3de0-8c1b-8c41b7706355,503,15,518
2630b847-fb51-32ce-8595-59cf64dc9f1d,515,1,516
83df87f8-f43b-35a2-b1e7-bce7d9828f42,84,432,516
6122ab71-0540-39f2-a6be-2f3096ae92dc,397,118,515
573d7897-61f4-3654-bc1a-934efbddfedc,255,260,515
723fd208-5518-3513-8efe-525a960d5b04,106,409,515
ce5215cd-e53d-3c94-a394-d900876458d6,61,454,515
c8bb73e1-607d-30a5-85a5-9781ae3314fe,513,1,514
993818c5-d9b2-3af0-84d7-342688abdfa2,436,78,514
515dc3cb-91ee-3e33-8852-e05b04d2e408,435,79,514
b89354e1-8e5b-363b-85ae-2d1168ec3224,136,378,514
8010ee17-c484-37b2-9bb9-7d2ca086d147,110,404,514
daee3aa9-e717-3407-a3fc-f22523490bf8,86,428,514
66974a08-d001-398d-9013-470d1c182702,78,436,514
a163424f-bf97-3cfa-88ab-741f25b69876,1,513,514
33129f71-2af4-3f7d-b419-2e6639ac5a7a,125,388,513
89703279-cc4a-3b86-a991-e33755ad9607,192,320,512
c65a999d-b22e-328f-ac1b-d72c607cda31,477,33,510
20403b03-e901-33d3-8a72-e393241ad546,81,429,510
f4e09aba-4c29-3b7c-b3c8-7b326a5f3d61,237,272,509
2ffbd21d-782c-35c4-a828-14099c7252f9,484,24,508
e9947e6b-8cd4-3b6d-96d0-ec6ee964cf60,51,457,508
010f5f72-bf47-37c3-96a5-a4d5361823a6,22,486,508
aee7ee16-4909-348c-9efe-155bb6268bd2,1,506,507
92c27635-4083-3265-9e05-86a3635ccf25,104,402,506
bc4e2782-a7b8-3d36-b6ab-aeea9ff12837,483,22,505
581fb524-ea36-335c-bb7d-6d4e2a8e6848,474,31,505
1ddd7e3f-c424-3e04-b36f-8bdcaec757e6,280,225,505
dcf8ec19-ceff-3d2c-89de-f305873e3593,503,1,504
6e5cba0f-0093-3546-93e3-59d1e58f1c0b,23,481,504
6c417a7f-21b8-3f5a-84e1-450bd3c2ad21,274,227,501
8f9907d6-27e2-3a8c-9f57-fdc54b5d52c6,499,1,500
2deb90a3-9499-35b3-896b-60544b3f23eb,497,3,500
8cb182dd-7416-321f-a247-56ca6dcbdfd4,479,20,499
4d9133b9-ac76-3ee3-b198-33d81066ed7a,402,97,499
0acc1d18-b569-372b-ae0d-61c2ddeeaa0c,488,10,498
6f555943-e86d-3252-8f5a-58e8f869a4c5,80,418,498
c8e4b49f-a54c-331d-abc5-51cc45abcf87,492,5,497
501bf33c-dca2-33cd-bb7d-0763e40df37f,493,3,496
21b776e4-9b6d-3235-af92-b11179db0b7d,494,1,495
f6596561-d19f-36c1-a98a-2fd8ffe1e033,475,20,495
307b6888-c652-310d-8d7a-b5af87baf400,31,464,495
bdc73661-dda6-355b-9c37-6aa612ea9f8a,397,97,494
3534337a-8076-3b01-96ec-bfe6ad482433,477,16,493
c45e9351-7e84-30df-aee8-defbe7fd28b7,181,312,493
bae7dae6-9b79-3e4d-af63-c3047e517dc7,124,369,493
b9991ee7-5d3d-39b1-b5f8-3051f657ce78,491,1,492
d1e077cf-0e04-3baf-9b52-5d3204bc10a3,491,1,492
f94f9362-460e-3d17-80e1-a21f0b683f2f,490,1,491
85d4159d-35b4-356a-8395-54979d7c8678,486,5,491
65a9d7df-6427-35db-a84c-d8ad73eeddc6,487,2,489
4d8add48-471c-3b28-9a5a-92febfbbe222,485,4,489
66df4a9c-df16-3847-b08a-92e42f16c3b9,229,260,489
cee0ad6d-92ad-326c-8d1d-8fe9bd9430de,362,126,488
1f255742-d841-342b-88b8-165d8b67f7a4,70,418,488
f27864e9-fa2b-3483-8283-1f931f782d2a,41,447,488
2aa83ce7-a6c6-3d1c-bebb-77da7ff9bec7,484,3,487
487e9f80-febb-3828-88d8-158fb439f93e,479,8,487
2f77210a-a3f7-3891-a068-3033f46d9e0e,5,482,487
ed61c455-a97c-301a-82a5-3dad419c6cc4,482,4,486
bc0c7603-836e-3b41-9030-38c9010701e1,462,24,486
428c4074-04e9-3294-80fd-eaca554131a5,453,33,486
f2237a15-d4c1-3c69-bb11-3fc10384a5b7,136,350,486
dbe8c960-a093-31e7-9cdf-f8af3a8c399c,484,1,485
82ed71f5-1dc6-3956-8cbf-22d6ff8f0663,482,3,485
94053e7d-7f07-3259-9635-7b0f4e10ca67,105,380,485
f80c14b6-82db-347d-a44f-62be0c4ecac5,483,1,484
1f0b3432-c88a-3872-b9f2-bd758dbd6a96,179,305,484
77190eff-2b23-371a-af6e-2d69947b3019,426,56,482
c4d893e6-2198-3bf9-b600-cac3be3e03fa,55,427,482
52769e1e-5b91-3a03-b29d-742faa896ad6,5,477,482
3a19073c-ec22-3e77-a2f8-616689ca5636,333,147,480
d09b60c7-4c00-39c9-b1e4-85e5913e5ee2,478,1,479
67f4e8f4-81bc-328f-b535-68c8f6fc7077,478,1,479
6a9efdb6-4ebd-31ed-a657-0e7d80f3022d,312,167,479
5d1d7639-37d9-31dd-b3bf-01baf0713eb6,139,340,479
c242cbdf-c9c2-33b1-90f4-6e4ad810c303,129,350,479
c9419157-c69b-3d87-b794-afb92f20cf2b,472,6,478
cf2beebb-7acf-374a-9947-95cb19e09b14,448,30,478
a2755307-263a-3a1e-a1fa-9359499a8d4f,129,349,478
83fa30ee-c019-3ebd-b8a9-cb4f78499b41,102,376,478
69f7d144-7368-3b05-8b3a-144fde2f846f,101,377,478
aee09d3b-44ec-3b43-89e8-a1f1db4317bd,100,378,478
19bc011d-48d0-3ade-a20a-081b3815b9fc,98,380,478
6d7b031a-ee7e-36d7-9b9f-f69f93e58560,472,5,477
89f1ca1f-d6b9-3e7a-90ec-c07e5f5e9439,457,20,477
9ea70130-fc23-37e5-8902-9d08cfe65fac,423,54,477
bb6bbbcf-efa6-3382-9832-4cb64cf6db13,89,388,477
378afd80-4fd6-39db-b634-3e217266f66a,474,2,476
e9cf4add-3d02-320a-b413-5a3706c4dd30,293,183,476
684b1310-ae01-3057-97d9-2a36b6923c60,17,458,475
fdb3056d-e8d8-3df7-89cb-29892d477609,56,418,474
41f30bc1-8601-3aec-826e-9babe7961840,466,7,473
834d620b-f665-355e-bcfd-3990ec76539e,459,12,471
f4e1c541-e91f-3c63-b976-9594d04ecc3a,44,427,471
e1da0494-98d6-36dc-9b46-4cab6e2b5559,469,1,470
af32f39f-7164-37e2-b169-7c589fbb4aac,390,80,470
ea055c16-5869-33cd-a380-311540c3ed41,65,404,469
68ec456c-b659-3b90-bafe-30df71900723,206,262,468
41a28573-96c4-311a-b999-df58ae1ec664,464,3,467
b8bcf2fc-3408-3e80-a8e3-95af069742ee,463,4,467
b0903cf5-95c6-3f74-b439-641f67870838,271,196,467
f79644ee-a385-3bae-858e-cb8da471e5b3,464,1,465
8f24ad7f-b360-333c-a0aa-3ef51c6a35a6,463,1,464
56f50e33-cc62-3e72-ae15-0b8e7cb38ffe,463,1,464
80803bd8-f393-35ec-ad7e-0c307c9cad8c,463,1,464
d7674be5-1d66-374e-8a29-6a1b006a0963,462,2,464
57c7f35e-7999-3407-b56b-8def18950fac,461,3,464
6f612186-c2a5-3eb6-b39b-1ca6a4dfdeda,201,263,464
348cf354-15b1-34bc-8dd4-4fc7e887c737,117,347,464
cf4a5eeb-36d7-30ad-b2b4-f51a0f7bc7d9,462,1,463
9e6cedf0-8e44-387d-a808-067ba223dd52,461,2,463
9aed3f5e-f6ec-36b7-8695-e97e3e8e840c,169,294,463
d12e4aff-5ab3-3a2f-bf58-1759fe1a8679,319,143,462
09426625-4d96-344e-bf2a-7a012ed171f1,254,208,462
098e0362-57e5-36a4-aa72-9b385099b136,460,1,461
e5b0a5de-ac5f-3ab7-b2ba-a7ef8a5009d3,418,43,461
932fcdbc-14af-32b0-8d5d-db419c555d97,142,319,461
5b8fa3a1-08f8-3dfa-b63a-5ef1193c7934,58,403,461
f7faaf7b-723b-3528-95cd-faa0248f29a3,448,12,460
e5355d1a-60a0-30a5-b227-9aae07cad55a,136,324,460
7d7d20ff-33e8-3bff-94e9-35f77805886b,455,4,459
08764579-e27c-30c9-846d-233be6b4026a,307,152,459
7559ddab-2c8f-3197-be2b-e5bcd1d80f48,123,336,459
63047e15-22c9-339f-ae70-1c767a2b49ca,325,133,458
6bbda412-e4d1-3e0c-8ab3-ba3ee5db3f5d,178,280,458
fb43c844-523c-391a-afb7-7b7264ff7681,112,346,458
6384e06b-eb0c-35dd-8d85-07c5609ae543,250,207,457
8751c8a9-3f3a-3c5c-8bcc-5005d3197a18,213,244,457
5cfdad9a-82fb-306e-9edf-94c30a6b5860,113,344,457
c703a151-a8e3-35c1-a603-6fa5c2a28c8e,454,1,455
a57cc855-42fe-3203-88e8-b38176b2de2a,430,25,455
94c9f328-8f8e-33ae-849d-0cc56a639876,450,4,454
91d4941c-16f3-311b-a265-a00ea7029b94,439,14,453
8fcf4096-3642-3fce-b9b3-5ecf48672e78,86,367,453
9fa3ba1c-14e5-3006-a7a2-9caffdf529db,41,412,453
b6dc6cb6-42c0-35fe-8b53-6dc70985b3cf,354,98,452
0dafac54-84b7-3265-8104-616850e12817,54,398,452
5ca8420e-09e7-381f-847a-feac6c12fa2e,19,433,452
a4aaba20-572c-3d4f-8679-573d37bc7fd3,443,8,451
3f21e5de-a920-36d8-8d00-895bc3af828a,336,115,451
f7c13465-3e01-3131-b099-3fbe54117ed4,297,154,451
c7945adc-05bd-3acf-9c8f-e1cd4cff8935,26,425,451
a6e0d623-585e-39ea-859f-905495877078,338,112,450
9bc37e1b-08cb-3d31-916d-d712bae15924,48,402,450
c196d2ad-24b6-3cdb-885f-79accda57f7d,257,192,449
0be1eb3f-7605-3c4f-8106-c2c6d63859c8,401,47,448
101ba9f3-1e68-3e50-aefa-4a8ec4d45bd2,153,295,448
143769e8-4b38-3775-878c-8ba403afb5b4,286,161,447
42736b07-b4b1-3aa8-a447-00f92dd7067b,128,319,447
d0b23818-8845-3544-993c-2cbd8bae5bcc,440,6,446
5faf13b5-77cc-3745-bb8d-27d400acb3e1,436,10,446
6fb2a48e-0853-3c34-b474-de33bc0d0cf1,26,420,446
dfc1d9d3-e9c0-360b-aae4-909ab85cdfe6,444,1,445
0b2c96ec-8af8-39bc-a280-e18c22e7c574,443,1,444
734c1cfa-d81a-39cf-8fdd-1382bda92e6a,363,81,444
880301ee-a81b-32bf-a08c-29fd795d64b0,280,164,444
2cdea59e-65ed-3861-bc36-2266ad4d6fcf,196,248,444
2d3a4638-8ce5-3d3c-88cb-ab5388ad8ff6,109,335,444
188c6f55-e5b9-3125-bf64-4079931928e0,438,4,442
07410701-9e3f-3a6f-8618-67cf99ef1392,249,193,442
631c5bde-e3c5-3d18-874c-6995d28cd61d,111,331,442
362bd9e3-d378-33c1-a9ed-4acd716af3b9,121,319,440
c575504f-8ce9-3cfb-9d1c-77f321166b43,61,379,440
82cd3e8a-1402-3f93-aec0-4d8b18283962,438,1,439
9cb401ca-5afa-3a29-b7fc-bdaa7fb9ba99,436,3,439
cb2668f2-a3e0-3a16-8400-d33915f80627,436,3,439
07ca0b0a-6553-30b9-8a9f-7468fb272f0a,437,1,438
b3dde8e4-7fc7-32d6-9aa4-9dab164664c1,437,1,438
55d7a9ab-ed64-39a9-81a6-41ad8307983e,39,399,438
8645ecfe-73df-3d7c-b1c2-a3a35e219e65,436,1,437
19f6c281-d8ac-32c2-8ca5-d45166a671a7,436,1,437
375cb69d-d38f-369d-9e74-339ae045a294,428,9,437
2d633c16-8962-3cce-a4aa-c1804448b957,32,405,437
0bf48106-6ba4-3c9b-bbc0-3026188f819c,432,4,436
11433a0f-28d2-318d-a31e-5b4d8a5854c3,408,28,436
40dad7c4-69f7-34c2-826d-fb0938e33729,322,114,436
c0d6ac86-6850-3a70-9ecb-28bc648d475b,290,146,436
ba5fc57a-5b50-3a0f-ad39-b4c0bcb6806a,133,303,436
234e39ab-5af4-38f0-94a1-55c185e4a962,132,304,436
1fb3faf1-bf00-3a15-8efb-1038a59653f7,241,194,435
3a5f715d-9103-3d74-8a1a-e75f801424cd,151,284,435
5c2fb835-d80d-3145-8532-eb9ec5c92053,67,367,434
e9930ef2-d341-3f97-8e32-279d7f02efef,33,400,433
42f3b200-1cfb-3b5a-a3b9-0f707c0bdc58,130,302,432
03f7a2c9-b9b9-380c-9c6a-7347cd3e11e6,226,205,431
a212f32f-6eaf-320a-855a-f947d1beebc0,427,3,430
3acec69c-0121-35f2-aee7-9dd3de6e3291,109,321,430
2d86bca5-87d5-31f5-8793-2f76c90b3779,333,96,429
5ea2b023-46f6-3d56-aa3a-59a5f433afd6,102,326,428
1b608f62-26e3-3767-b4a9-6413c829d1db,10,418,428
5761c013-dd98-3d57-bbac-7c9e85337071,425,2,427
cdbf88c2-859b-3e02-8bd0-2adc8d23d6fa,99,328,427
4143f833-3e89-35d4-9d6d-bcc3f6e38e2f,52,375,427
13c16c89-7604-3900-9961-331c17dee3c8,421,5,426
8c970741-7fa7-3c0c-ba64-4f6d06288573,420,6,426
8c8926aa-3334-39f1-bc55-a6710b9cbc85,120,306,426
bdc32af1-cdf3-37a0-bbb3-60a081f86109,27,399,426
eddd89c6-4ff5-3f35-a79e-7427612fd20c,423,2,425
31fdc629-f93d-351b-b677-fa21b4c7f33f,419,6,425
3bbed2ff-cb59-31fa-9174-865096203f9b,420,4,424
8ea5550c-cc8d-302b-bf5f-f50ebf75fd7a,271,153,424
de5bcc52-adf4-3f82-886c-090e4fecc2ab,109,315,424
0c7e4424-ed32-3ac2-bece-f12a5391cb41,36,388,424
688a3806-c8a4-3777-9baf-84d365fe0f61,164,259,423
3bfcbd09-1efc-367f-b61c-eba57c19f8cd,415,7,422
9a074a2a-8bfd-319e-b07f-55a3e31f6425,408,14,422
21324dd0-5fa9-31c6-9f03-52f6e4dbbdef,319,103,422
f4664462-b6d3-3d2e-995f-5fb1440ea3a8,85,337,422
2f884e6f-a1c2-3235-94ec-0b302c67701a,80,342,422
7cd5d98a-9caf-37d3-9dcc-689138c7af49,420,1,421
0c838d37-b630-3c31-b6d4-9a2c43945ac6,134,287,421
51d911aa-5e49-3820-b5c4-1f1cac4a74ac,99,322,421
efbea383-414b-31af-881d-46a8e56a6d98,418,2,420
0588b4fb-efe9-3968-b939-1fa8be0fcea4,239,181,420
15823f98-c445-3bd1-847b-ceb0fc43fdd8,417,2,419
5d28bebc-156b-3e8a-b5ab-435c0eb1509f,256,163,419
08c3d90c-e2cd-3741-96cd-88d4681d77d7,417,1,418
7bb41e5b-d13f-3735-ac2c-cea68a052e82,180,238,418
24a97dd9-36bb-39d2-b0f8-973823a1f396,416,1,417
026cbfa2-0a67-32e6-a62c-ec61569bbd9e,415,2,417
bd246827-2f74-33cd-a5ce-10a7b379ba3f,415,2,417
d1c0ba46-eeb3-3f4a-a323-dedef42024eb,194,223,417
289293be-6f6a-300b-8b94-79038e697c29,409,7,416
fe152945-5863-3afc-83a7-d1135eccf7e6,238,178,416
df83d61c-4668-36f7-ab5d-cd16a3f3ce1e,234,182,416
5cdf3888-61f1-39ba-a729-d5a0dc7d4194,224,192,416
77e0a82d-5920-3a8a-93b5-63d1faadd9e6,113,303,416
bdae191e-1e1e-3aaa-9bd0-ca9bbcbbfad1,239,176,415
b722da4e-f85d-306b-8c42-7556befee6d5,216,199,415
c4b4fa68-ccb4-33ea-99ab-67ef69419e85,413,1,414
da8baa30-ce52-3f5e-b23b-998196f9be72,389,25,414
30d88967-251c-3796-bd23-700ff0100ca3,346,68,414
16d8f246-18ca-3ec9-bc32-df69d3464e01,191,223,414
f37f45e3-dfcc-3026-84ea-94ff80e59aad,411,2,413
336a0fdd-60f8-317a-b400-73198fcd5dfd,409,4,413
399fdd25-1b20-323e-bf81-afd3577d4a1d,242,171,413
d7b5188d-56db-3e3d-a23d-35d44f699897,111,302,413
08e1fdff-0d55-349c-81d9-36dd6f13650a,66,346,412
f34d5354-2c5e-3951-a4f5-81ee65587ae0,410,1,411
ef6c0fe9-da16-391c-9583-44689e50c033,355,56,411
e067b2b4-3b08-3e0e-b764-679ee4e44806,132,279,411
e47b3245-abe4-3303-941c-e0bfdbc65b2b,321,89,410
efdc3de3-9ee7-38ec-83fc-4508c3c7ff4f,407,2,409
ebe10ea4-8dc2-3f53-b138-09b0811a0b67,407,1,408
e0707ac5-f90d-3126-b925-f45efa4e79b8,406,2,408
c4d0ffa9-ce38-3de0-b78c-efab3d32d37a,402,6,408
7592947e-04c9-347e-8e6b-3254bffa6917,406,1,407
5bf0f807-02b4-304c-9221-8d0f5954dc3d,394,13,407
553d259f-015b-3fc8-8b09-a0e7f1a8c7b6,170,237,407
abe09ea3-f33b-320e-9c64-97ce0b0f11c9,134,273,407
c20c2288-f000-3187-9e0c-fc604e2fc4cc,405,1,406
a28e24e7-661a-3cde-afc1-144338f0a564,405,1,406
2303b095-bd21-318b-89e8-2a6e1479ea83,401,5,406
cb8e23a2-86dc-3148-8105-227b5c07cb99,279,127,406
a7d600ff-6f80-3299-9de3-5545712a18bf,243,163,406
a6219322-fadf-3a2e-b761-8b09b3319b9c,49,357,406
2e9908d9-9061-3e8f-bc79-ecd9dd115b6d,404,1,405
124b7331-6248-3f4f-8e6d-a2e744db30f2,298,107,405
46653f30-286f-3608-ae30-fcb2e77d88a6,156,248,404
b8145591-03fa-3bea-b7ac-066919b2151d,88,316,404
5c806b32-576e-338f-a1ca-5cd1041104df,402,1,403
cce08b63-860a-3903-9d2f-a81bcae55db4,402,1,403
76a30975-770b-3733-96ab-4f657dfa80f3,402,1,403
77ffd798-c880-3494-aa57-3ea945346b42,396,7,403
6f4f1119-894b-3cd5-87b3-12fa13dfcf18,382,21,403
c20ad198-4f5b-3f22-9767-9cc5fbedb264,56,347,403
f1baa50c-eb18-38fb-8a1e-920be4fa5da6,172,230,402
e5703616-afc1-341f-9c82-52493a06bfe7,400,1,401
5dcb951c-fa66-3f24-b70f-35d0be3293bd,399,2,401
365fd14f-d0f5-33ec-afbe-b784bb82276f,397,4,401
b472782b-7a61-3a8a-b16a-02660ac5809e,114,287,401
aadf8f12-c337-3275-95da-e8fe68f02e52,107,294,401
b4dc6d52-34f0-3404-bda8-f6056c984b6b,399,1,400
d5dd806b-6106-3bb5-af6c-6992536fd1f4,374,26,400
12094a74-ef8a-381b-870a-53e9d5099cfd,254,146,400
b1c671f6-43e8-3c76-85bc-f3cc027c8a43,94,306,400
7aeffda5-6022-3132-b9e5-7331bc2c2dcb,227,172,399
f7622047-4cb8-320b-a916-5bf8547ed8b7,165,234,399
9b0f94d4-4fd9-3b17-92c8-cb815c7c89b4,90,309,399
faed4b0c-3502-39fd-8bfb-add5f0f7f2fe,87,312,399
adfda54a-6c44-39af-9a9d-8de629d67d61,395,3,398
87f078b4-ff9b-31ae-9e22-9982af9781a9,76,322,398
4c50bdaf-dd20-3d47-9de8-ef7d5071f0df,396,1,397
bd8e31b2-b5e8-350c-9c75-2246aa54b597,172,225,397
55e5cbf7-f000-3ee6-853d-4ac84257ccb4,62,335,397
a9d7b4be-52b4-378f-bc11-72b4ebdd335a,381,15,396
69ffe9d8-b734-3f68-ba2c-335319ee65fa,92,304,396
41b6bd54-b793-325b-ad96-ece424e9dc00,43,353,396
d199cb53-7374-389a-9428-c7fa0f3dc58f,374,21,395
d5164ffd-6a76-3381-a888-7da18ae1fe3f,303,92,395
ea60a513-b41f-3c48-a332-1d44547019d2,260,135,395
cb18fbdc-17e1-3b8e-b4c5-0f38cf5e4bf0,97,298,395
73d67f50-b79c-3066-8f95-248d4b27af46,40,355,395
9cd9f3bd-d5fd-318f-a03b-da5773c53982,380,14,394
511c831e-5c11-3fa0-87b9-a1d117155386,378,16,394
33f80520-65a3-32f3-87c2-595fa1a53eb8,277,117,394
36abed3d-6033-360a-b90a-b70f5adaeac1,124,270,394
48287885-fa45-3bac-ab62-e29e3980497a,71,323,394
422c5886-a70e-3c39-b69b-5ff5c7f13e4a,392,1,393
e52393a5-a25f-39b3-ae09-7f2798dda5b6,390,3,393
08677f72-af23-3934-a263-87b71ab525bd,127,266,393
03e9c350-ff21-350b-86a5-7340e8204407,65,328,393
15ebd147-6d4d-3f49-b582-1ae6d9487855,58,335,393
5b4b6b1e-29a5-35b0-a4ff-3fae40de8afa,56,337,393
e093b043-6f26-3acc-8ed5-b272817c8e96,46,347,393
4e479766-f5be-3e1f-88b1-04c5c457f71e,390,2,392
02593b4a-85d2-333f-adca-01db9ea67bcb,389,3,392
9bbabc57-8dd2-3d84-a071-f7c121e2a6d1,376,16,392
59cf9d3c-0be6-3419-9e21-06554f8f7ff1,228,164,392
aae74961-3598-3fb4-8813-614b0684685b,45,347,392
26410fe7-271a-360d-bb79-e313567140fc,223,168,391
e38ef8b1-b44e-3353-b7ff-e51125a8c3c0,21,370,391
18afe5ac-e577-3828-8c8c-994b7b0eeebd,389,1,390
9fc08f0c-6d20-3afd-851f-64f53eb5f53b,381,9,390
1cf4dac3-4fba-3c7a-b9c1-0c3b0b1a1b27,91,298,389
a093a25a-a053-3a11-8222-0f5802ab8036,387,1,388
f3dbc4f4-c086-304c-9877-8785cce68188,386,2,388
4ba551b2-16b8-34b3-8a6e-5d9907557150,157,230,387
a393292c-3535-329a-9159-d1337bf2ea28,22,365,387
a06782db-f21c-3b53-980e-2cdea7b6da74,384,2,386
cdb71c19-f677-363b-a094-3cb5281dc3f2,362,24,386
c9d87611-9331-3602-8fcd-32aba4f7185b,179,207,386
d19a6508-a571-3ae8-bf03-df2c863ee91a,376,9,385
0770a9f4-9ef4-3385-b770-c202c419b95f,372,13,385
40d58e61-cdf3-3480-93c5-e7c784c41df5,68,317,385
69944051-7c7e-38ca-a87e-f4b9c3133da4,63,322,385
ed2dd5e7-f4db-3df8-b91f-2fe10626153b,13,372,385
3e95adc2-3582-3207-b284-cbfe650b10a4,382,2,384
5a9d3ce5-a842-31cc-aa16-dcfca83d8ccb,363,21,384
7b9f650f-44eb-3bda-b23f-5c33890a3291,314,70,384
1b347d8a-b31f-390c-930c-4849bfee7228,151,233,384
efeeffeb-018b-3b66-b7a7-a48dada7e21c,379,4,383
fea0f110-17f7-3de9-8991-d31c4d932640,310,73,383
2712b168-80fd-3470-9aba-26a149063578,115,268,383
030de050-c87b-3ac6-925c-f049a1e327df,114,269,383
60c0538a-9aaf-3e32-a2f6-9b1ed53f5d06,10,373,383
139af9e7-b0c5-3e6e-87e0-ef29fec0e22d,300,82,382
39e81fd6-eaf0-3003-9e12-4866f17198a6,263,118,381
8ac0c817-e26c-3a88-a690-36cab2099ccd,379,1,380
0cdf4864-67b4-301d-abf2-8293dce76c84,378,2,380
